1 3 2 5 7 6 4 9 11 10 13 15 14 12 8

1 3 2 6 7 5 4 12 9 11 10 14 15 13 8
1 3 2 6 7 5 4 8  9 11 10 14 15 13 12
1 3 2 4 7 5 6 8  9 11 10 14 15 13 12
1 3 2 4 7 5 6 8  9 11 10 12 15 13 14


1   3  2  5  7  6  4 
10 11  9 12 15 14 13  8

7 passos

Sequencia 7 passos e altura 3 (melhor caso para o quicksortbet)
1 3 2 6 7 5 4 12 9 11 10 14 15 13 8

Pior caso - altura 14
1 2 3 4 5 6 7 8 9 10 11 12 13 14 15

Melhor caso para o quicksort-padrao
1 3 2 6 7 5 4 12 10 11 13 15 14 9 8

1 3 2 6 7 5 4   8   9 14 15 13 11 10 12
1 3 2   4   5 7 6   9 11 10   12  13 15 14 
